         2         4         5
         2         7         0
         4         5         9

Determinant of Matrix is : -36

Matrix Cofactor is : 

        63       -18       -18
       -11        -2         6
       -35        10         6

Matrix Adjoint is :

     -1.75  0.305556  0.972222
       0.5 0.0555556 -0.277778
       0.5 -0.166667 -0.166667

Then Matrix Inverse is : 

      0.0486111    -0.00848765     -0.0270062
     -0.0138889    -0.00154321     0.00771605
     -0.0138889     0.00462963     0.00462963

The Transpose of Matrix is :

     2     2     4
     4     7     5
     5     0     9
